
macierz_10_25   0 0 0 0 0 0 0 0 0 0 0 0 0 0 0.000998 0 0 0 0 0 0 0 0 0 0 0 0 0 0 0 0 0 0 0 0 0 0 0 0 0 0 0 0 0 0 0 0 0 0 0 0 0 0 0 0 0 0 0 0 0 0 0 0 0 0 0 0 0 0 0 0 0 0 0 0 0 0 0 0 0 0 0 0 0 0 0 0 0 0 0 0 0 0 0 0 0 0 0 0 0
macierz_10_50   0 0 0 0 0 0 0 0 0 0 0 0 0 0 0 0 0 0 0 0 0 0 0 0 0 0 0 0 0 0 0 0 0 0 0 0 0 0 0 0 0 0 0 0 0 0 0 0 0 0 0 0 0 0 0 0 0 0 0 0 0 0 0 0 0 0 0 0 0 0 0 0 0 0 0 0 0 0 0 0 0 0 0 0 0 0 0 0 0 0 0 0 0 0 0 0 0 0 0 0
macierz_10_75   0 0 0 0 0 0 0 0 0 0 0 0 0 0 0 0 0 0 0 0 0 0 0 0 0 0 0 0 0 0 0 0 0 0 0 0 0 0 0 0 0 0 0 0 0 0 0 0 0 0 0 0 0 0 0 0 0 0 0 0 0 0 0 0 0 0 0 0 0 0 0 0 0 0 0 0 0 0 0 0 0 0 0 0 0 0 0 0 0 0 0 0 0 0 0 0 0 0 0 0
macierz_10_100   0 0 0 0 0 0 0 0 0 0 0 0 0 0 0 0 0 0 0 0 0 0 0 0 0 0 0 0 0 0 0 0 0 0 0 0 0 0 0 0 0 0 0 0 0 0 0 0 0 0 0 0 0 0 0 0 0 0 0 0 0 0 0 0 0 0 0 0 0 0 0 0 0 0 0 0 0 0 0 0 0 0 0 0 0 0 0 0 0 0 0 0 0 0 0 0 0 0 0 0
macierz_50_25   0 0 0 0 0 0 0 0 0 0 0 0 0 0 0 0 0 0 0 0 0 0 0 0 0 0 0 0 0 0 0 0 0 0 0 0 0 0 0 0 0 0 0 0 0 0 0 0 0 0 0 0 0 0 0 0 0 0 0 0 0.001 0 0 0 0 0 0 0 0 0 0 0 0 0 0 0 0 0 0 0 0 0 0 0 0 0 0 0 0 0 0 0 0 0 0 0 0 0 0 0
macierz_50_50   0 0 0 0 0 0 0 0 0 0 0 0 0 0 0 0 0 0 0 0 0 0 0 0 0 0 0 0 0 0 0 0 0 0 0 0 0 0 0 0 0 0 0 0 0 0 0 0 0 0.015626 0 0 0 0 0 0 0 0 0 0 0 0 0 0 0 0 0.000447 0 0.000497 0 0 0 0.001001 0 0 0 0 0 0 0 0 0 0 0 0 0 0.000999 0 0 0 0.001 0 0 0 0 0 0 0 0 0
macierz_50_75   0 0.001 0 0 0 0 0 0 0 0 0 0 0 0 0 0 0 0 0 0 0 0 0 0 0 0 0 0 0 0 0 0 0 0 0 0 0 0 0 0 0 0 0 0 0 0 0 0 0 0 0 0 0 0 0 0 0 0 0 0 0 0 0 0 0 0 0 0 0 0 0 0 0 0 0 0 0 0 0 0 0 0 0 0 0 0 0 0 0 0 0 0 0 0 0 0 0 0 0 0
macierz_50_100   0 0.001001 0 0 0 0 0 0 0 0 0 0 0 0 0 0 0 0 0 0 0 0 0 0 0 0 0 0 0 0 0 0 0 0 0 0 0 0 0 0 0 0 0 0 0 0 0 0 0 0 0 0 0 0 0 0 0 0 0 0 0 0 0 0 0 0 0 0 0 0 0 0 0 0 0 0 0 0.001001 0 0 0 0 0 0 0 0 0 0 0 0 0 0 0 0 0 0 0 0 0 0
macierz_100_25   0 0 0 0 0 0 0 0 0 0 0 0 0 0 0 0 0 0 0 0 0 0 0 0 0 0 0 0 0 0 0 0 0 0 0 0 0 0 0 0 0 0 0 0 0 0 0 0 0 0 0 0 0 0 0 0 0.001001 0 0.001001 0 0.001 0 0 0 0 0 0 0 0 0 0 0 0 0 0 0 0 0 0 0 0 0 0 0 0 0 0 0 0 0 0 0 0.000999 0 0 0.001001 0 0 0 0
macierz_100_50   0.001001 0 0 0 0 0 0 0 0 0 0 0 0 0 0 0 0 0 0 0 0 0 0 0 0 0 0 0 0 0 0 0 0 0 0 0 0 0 0 0 0 0 0 0 0 0 0 0 0 0 0 0 0 0 0 0 0 0 0.001001 0 0.001 0 0 0 0.001001 0 0 0 0 0 0 0.000999 0 0.001 0 0.001001 0 0 0 0 0 0 0 0 0 0 0 0 0 0 0 0 0 0 0 0 0 0 0 0
macierz_100_75   0 0 0 0.001001 0 0.001001 0 0 0 0 0 0 0 0 0 0 0 0 0 0 0 0 0 0 0 0 0 0 0 0 0 0 0 0 0 0 0 0 0 0 0 0 0 0 0 0 0 0 0 0.001064 0 0 0 0 0 0 0 0 0 0 0 0 0 0 0 0 0 0 0 0.015625 0 0 0 0 0.001 0 0 0 0 0 0 0 0 0 0 0 0 0 0 0 0 0 0 0 0 0 0 0 0 0
macierz_100_100   0 0 0 0 0 0 0 0 0 0 0 0 0 0 0 0 0 0 0 0 0 0 0 0 0 0 0.001 0 0 0 0 0.000999 0 0 0 0.001001 0 0 0 0 0 0 0 0 0 0 0.001 0 0 0.000999 0 0 0 0.001 0 0 0.001002 0 0 0 0 0 0 0 0 0 0 0 0 0 0 0 0 0 0 0 0 0 0 0 0 0 0 0 0 0 0 0 0 0 0 0 0 0 0 0 0 0 0 0
macierz_500_25   0 0 0 0 0.006002 0.005001 0.005001 0.005001 0.005001 0.006355 0.005001 0.006001 0.006001 0 0 0 0.015626 0 0.015626 0 0 0 0 0.015624 0 0.015626 0 0.015627 0 0 0 0.011003 0.005001 0.005001 0.010001 0.005001 0.006001 0.005001 0.004024 0 0.015625 0 0.015626 0 0.015627 0 0 0 0.015626 0 0.015625 0.015627 0 0.018015 0.005002 0.005001 0.006 0.005001 0 0 0 0 0 0.015626 0 0.018023 0.005001 0.006286 0 0.015625 0 0.015626 0 0 0 0 0 0 0.015626 0 0.015626 0 0.015626 0 0 0 0.006 0.006002 0.006001 0.005001 0.006001 0.005001 0.003186 0 0.015643 0 0 0 0 0.015626
macierz_500_50   0 0 0 0 0.015626 0 0.015626 0 0.015626 0 0.014015 0.004986 0.005001 0.005001 0.006001 0.005001 0.001047 0 0 0 0.006001 0.006001 0.006001 0.005001 0 0.015643 0 0.015626 0 0.015626 0 0 0.015627 0 0.015625 0 0.015626 0 0 0.015628 0 0.018795 0.006001 0.006001 0.006003 0.005 0.006 0.005001 0.006001 0.005002 0 0.015626 0 0.015644 0 0 0 0 0.015629 0 0.015625 0 0.015626 0 0 0.015627 0.006001 0.006001 0.006001 0.005001 0.005016 0.005001 0 0 0 0.015624 0 0.018846 0.005988 0.004286 0 0.01564 0 0 0 0 0.015625 0 0.015625 0 0.015611 0 0.015626 0 0 0 0 0.015625 0.006 0.005016
macierz_500_75   0.013989 0.006001 0.005002 0.005002 0.005001 0 0.015645 0 0.015625 0 0.015626 0 0 0 0 0.015625 0 0.015625 0 0 0.015626 0.006001 0.005 0.013002 0.005001 0.005001 0.005037 0 0.015625 0 0.019752 0.006001 0.002231 0 0 0 0 0.015644 0 0.015627 0 0 0 0 0.015625 0 0.015627 0 0.005999 0.006001 0.006002 0.005001 0.005001 0.005002 0.006003 0.005 0.005001 0.005001 0.005 0.005002 0.001027 0 0 0 0.01563 0 0.015622 0 0.015629 0 0.015625 0 0 0.015626 0 0.006065 0.006001 0.006003 0.005001 0.005001 0.006001 0.005001 0 0.015643 0 0.017765 0.005001 0.004273 0 0.015642 0 0 0 0 0.015626 0 0.015623 0 0 0
macierz_500_100   0 0.015627 0 0.004001 0.005015 0.005001 0.004001 0.003987 0.011002 0.004001 0.005017 0.004 0 0.01564 0 0 0 0 0.01561 0 0 0 0 0.017724 0.004001 0.005015 0.005001 0.004001 0.004016 0.004001 0.005001 0.004001 0 0 0 0.019027 0.005001 0 0 0 0.015627 0 0 0 0 0.015626 0 0 0.015611 0 0.015641 0 0.015626 0 0.015628 0 0.005001 0.004 0.004016 0.004 0.004001 0.004001 0.004001 0.005016 0 0 0 0.015626 0 0 0 0 0.015627 0 0 0 0 0.005 0.004 0.004 0.005001 0.004001 0 0 0 0.015626 0 0.004 0.004001 0.004001 0 0.015642 0 0 0 0 0.015381 0 0 0.015622
macierz_1000_25   0.015627 0.015631 0.031251 0.015625 0.025173 0.023284 0.015643 0.037573 0.014301 0.015615 0.031123 0.015752 0.031238 0.031266 0.034672 0.022005 0.014028 0.031272 0.015624 0.015629 0.031251 0.015626 0.026102 0.021303 0.015644 0.023768 0.023005 0.015858 0.031247 0.031123 0.015625 0.031236 0.03127 0.029118 0.023005 0.022005 0.017106 0.031269 0.015628 0.015627 0.031425 0.021424 0.031396 0.030317 0.015301 0.015755 0.031252 0.015499 0.015622 0.03124 0.03125 0.028746 0.024005 0.018069 0.015644 0.015627 0.031252 0.031251 0.015627 0.023359 0.023005 0.017749 0.031521 0.01626 0.031401 0.015631 0.015756 0.031105 0.015774 0.031243 0.033584 0.023992 0.022005 0.019715 0.015627 0.015629 0.031251 0.03146 0.015548 0.038455 0.023004 0.015311 0.031251 0.031273 0.015625 0.031249 0.031254 0.015626 0.015627 0.027857 0.022004 0.021005 0.014066 0.03127 0.031253 0.015626 0.031248 0.033395 0.023005 0.022005
macierz_1000_50   0.015643 0.021005 0.015645 0.015624 0.031253 0.031251 0.015626 0.038755 0.022005 0.02202 0.009045 0.015628 0.031252 0.03125 0.015624 0.038596 0.024005 0.021275 0.015625 0.015626 0.031255 0.01564 0.031238 0.015626 0.037731 0.028002 0.021004 0.01005 0.015626 0.031238 0.015624 0.023722 0.024006 0.023005 0.023005 0.022154 0.015644 0.015627 0.031253 0.031252 0.031252 0.015625 0.015628 0.036098 0.024005 0.018055 0.015644 0.015628 0.031251 0.015627 0.015625 0.026421 0.03141 0.032161 0.015768 0.031253 0.031126 0.015627 0.031251 0.031233 0.015641 0.015626 0.038994 0.028021 0.01974 0.031253 0.015626 0.031251 0.032369 0.023005 0.023005 0.0123 0.031271 0.031252 0.015625 0.015623 0.031252 0.015628 0.015626 0.031256 0.030976 0.023005 0.022042 0.015644 0.031252 0.031252 0.015794 0.015633 0.034386 0.023005 0.011267 0.015633 0.031247 0.015497 0.015627 0.031111 0.031399 0.015648 0.023018 0.024005
macierz_1000_75   0.022004 0.021072 0.015645 0.015627 0.031252 0.033691 0.024005 0.024005 0.023063 0.015644 0.015627 0.031391 0.031095 0.015625 0.015777 0.031246 0.034355 0.024005 0.022991 0.02201 0.017067 0.031271 0.031252 0.015625 0.038321 0.024006 0.020299 0.015644 0.018082 0.031269 0.031483 0.031019 0.03125 0.015624 0.031256 0.031091 0.023005 0.01608 0.015627 0.031253 0.031248 0.015629 0.015627 0.035713 0.015644 0.015626 0.031252 0.031248 0.015628 0.015626 0.031252 0.031256 0.015811 0.026973 0.023005 0.023005 0.015645 0.031252 0.031248 0.015629 0.015629 0.039058 0.021253 0.015644 0.015631 0.037782 0.017728 0.031235 0.031267 0.015625 0.023006 0.024006 0.024005 0.021989 0.017759 0.031252 0.015626 0.015626 0.034563 0.024005 0.024006 0.021135 0.031116 0.027767 0.008083 0.01576 0.031241 0.031256 0.015497 0.015769 0.03869 0.023005 0.012194 0.03127 0.03125 0.015628 0.024005 0.02502 0.015643 0.031252
macierz_1000_100   0.031107 0.015626 0.015612 0.033487 0.025006 0.02299 0.013068 0.031252 0.015626 0.013141 0.034707 0.02011 0.015494 0.015611 0.031252 0.015635 0.036791 0.029007 0.019553 0.015625 0.031376 0.024005 0.012298 0.034476 0.015608 0.015644 0.015625 0.031252 0.015624 0.027004 0.015627 0.020718 0.029039 0.015645 0.015626 0.03125 0.031248 0.015624 0.031269 0.031249 0.025054 0.024019 0.021718 0.015626 0.023366 0.015781 0.023005 0.015633 0.030013 0.031253 0.015625 0.015622 0.034952 0.024005 0.016694 0.031762 0.023268 0.015643 0.023005 0.031252 0.010047 0.031238 0.031252 0.015622 0.03903 0.022019 0.015084 0.031251 0.023005 0.020114 0.015808 0.031271 0.03125 0.015626 0.015623 0.031252 0.023006 0.024006 0.022005 0.015644 0.024005 0.015611 0.031253 0.016939 0.031124 0.015835 0.031378 0.01572 0.038353 0.024005 0.02299 0.015642 0.03902 0.052494 0.015625 0.031253 0.015643 0.031234 0.031266 0.015624
lista_10_25   0 0 0 0 0 0 0 0 0 0 0 0 0 0 0 0 0 0 0 0 0 0 0 0 0 0 0 0 0 0 0 0 0 0 0 0.001001 0 0 0 0 0 0 0 0 0 0 0 0 0 0 0 0 0 0 0 0 0 0 0 0 0 0 0 0 0 0 0 0 0 0 0 0 0 0 0 0 0 0 0 0 0 0 0 0 0 0 0 0 0 0 0 0 0 0 0 0 0 0 0 0
lista_10_50   0 0 0 0 0 0 0 0 0 0 0 0 0 0 0 0 0 0 0 0 0 0 0 0 0 0 0 0 0 0 0 0 0 0 0 0 0 0 0 0 0 0 0 0 0 0 0 0 0 0 0 0 0 0 0 0 0 0 0 0 0 0 0 0 0 0 0 0 0 0 0 0 0 0 0 0 0 0 0 0 0 0 0 0 0 0 0 0 0 0 0 0 0 0 0 0 0 0 0 0
lista_10_75   0 0 0 0 0 0 0 0 0 0 0 0 0 0 0 0 0 0 0 0 0 0 0 0 0 0 0 0 0 0 0 0 0 0 0 0 0 0 0 0 0 0 0 0 0 0 0 0 0 0 0 0 0 0 0 0 0 0 0 0 0 0 0 0 0 0 0 0 0 0 0 0 0 0 0 0 0 0 0 0 0 0 0 0 0 0 0 0 0 0 0 0 0 0 0 0 0 0 0 0
lista_10_100   0 0 0 0 0 0 0 0 0 0 0 0 0 0 0 0 0 0 0 0 0 0 0 0 0 0 0 0 0 0 0 0 0 0 0 0 0 0 0 0 0 0 0 0 0 0 0 0 0 0 0 0 0 0 0 0 0 0 0 0 0 0 0 0 0 0 0 0 0 0 0 0 0 0 0 0 0 0 0 0 0 0 0 0 0 0 0 0 0 0 0 0 0 0 0 0 0 0 0 0
lista_50_25   0 0 0 0 0 0 0 0 0 0 0 0 0 0 0 0 0 0 0 0 0 0 0 0 0 0 0 0 0 0 0 0 0 0 0 0 0 0 0 0 0 0 0 0 0 0 0 0 0 0 0 0 0 0 0 0 0 0 0 0 0 0 0 0 0 0 0 0 0 0 0 0 0 0 0 0 0 0 0 0 0 0 0 0 0 0 0 0 0 0 0 0 0 0 0 0 0 0 0 0
lista_50_50   0 0 0 0 0 0 0 0 0 0 0 0 0 0 0 0 0 0 0 0 0 0 0 0 0 0 0 0 0 0 0 0 0 0 0 0 0 0 0 0 0 0 0 0 0 0 0 0.001001 0 0 0 0 0 0 0 0 0 0 0 0 0 0 0 0 0 0 0 0 0 0 0 0 0 0 0 0 0 0 0 0 0 0 0 0 0 0 0 0 0 0 0 0 0 0 0 0 0 0 0 0
lista_50_75   0 0 0 0 0 0 0 0 0.001 0 0 0 0 0 0 0 0 0 0 0 0 0 0 0 0 0 0 0 0.015627 0 0 0 0 0 0 0 0 0 0 0 0 0 0 0 0 0 0 0 0 0 0 0 0 0 0 0 0 0 0 0 0 0 0 0 0 0 0 0 0 0 0 0 0 0 0 0.015627 0 0 0 0 0 0 0 0 0 0 0 0 0 0 0 0 0 0 0 0 0 0 0 0
lista_50_100   0 0 0 0 0 0 0.001 0 0 0 0 0 0 0.001 0 0 0.000986 0 0 0 0 0 0 0 0 0 0 0 0 0 0 0 0 0 0 0 0 0 0 0 0 0 0 0 0 0 0 0 0 0 0 0 0 0 0 0 0 0 0 0 0 0 0 0 0 0 0 0 0 0 0 0 0 0 0 0 0 0 0 0 0 0 0 0 0 0 0 0 0 0 0 0 0 0 0 0 0 0 0 0
lista_100_25   0 0 0 0 0 0 0 0 0 0 0 0 0 0 0 0 0 0 0 0 0 0 0 0 0 0 0 0 0 0 0 0 0 0 0 0 0 0 0 0 0.001 0 0 0.001 0 0 0 0 0 0 0.001 0 0 0 0 0 0 0 0 0 0 0 0 0 0 0 0 0 0 0 0 0 0 0 0 0 0 0 0 0 0 0 0 0 0 0 0 0 0 0 0 0 0 0 0 0 0 0 0 0
lista_100_50   0 0 0 0 0 0 0 0 0 0 0 0 0 0 0 0 0 0 0 0 0 0 0 0 0 0 0 0 0 0 0 0 0 0 0 0 0 0 0 0 0 0 0 0 0 0 0 0 0 0 0.015627 0 0 0 0 0 0 0 0.001 0 0 0 0 0 0 0.001014 0.000999 0 0 0 0 0 0 0 0 0.001 0 0 0 0 0 0 0 0 0 0 0 0 0 0 0 0 0 0 0 0 0 0 0 0
lista_100_75   0 0 0 0 0 0 0 0 0 0 0 0 0 0 0 0 0 0 0 0 0 0 0 0 0 0 0 0 0 0 0 0 0 0 0 0 0 0 0 0 0 0 0 0 0 0 0 0 0 0 0 0 0 0 0 0.001014 0 0.001001 0 0.001001 0 0 0.001 0 0 0 0.001001 0.001 0 0 0 0 0 0 0 0 0 0 0 0 0 0 0 0 0 0 0 0.001 0 0 0 0 0 0 0 0 0 0 0.001 0
lista_100_100   0 0.001 0 0 0 0 0 0 0 0 0 0 0 0 0 0 0 0 0 0 0 0 0 0 0 0.001001 0 0 0.001001 0 0 0 0 0 0 0 0 0 0 0 0 0 0 0 0 0 0 0 0.001 0 0 0 0 0 0 0 0 0 0 0 0 0 0 0 0 0 0 0 0 0 0 0 0 0 0 0 0.015625 0 0 0 0 0 0 0 0.001001 0.001001 0.001001 0 0 0.001 0 0 0.001 0.001 0 0 0 0 0 0
lista_500_25   0.003 0.004002 0.004001 0.002999 0.003001 0.003001 0.004001 0.004 0.003001 0.004001 0.002999 0.003 0.004001 0 0.00299 0.00299 0.00299 0.00399 0.002091 0 0 0 0.003 0.003001 0 0 0 0 0.017819 0.015629 0 0 0 0.004001 0.003001 0.004001 0.003 0 0 0 0.015626 0.015624 0.002996 0 0.004001 0.004001 0 0.015626 0 0 0 0 0.015635 0 0 0.003001 0 0.016115 0.015626 0 0.003001 0 0 0.015621 0 0 0.004 0.003001 0 0.003001 0 0.003018 0.004001 0 0 0 0 0 0.004018 0.000269 0 0 0.015775 0.003 0.002076 0 0 0 0 0.015642 0.003999 0 0.015626 0 0.003001 0.003001 0 0 0 0
lista_500_50   0.005001 0.005001 0 0.005002 0 0 0.005002 0 0.015626 0.005 0 0 0.005001 0 0.015625 0.005 0.015626 0 0.007002 0 0 0.008001 0 0 0 0 0.005986 0 0.015941 0.007 0.015626 0.01548 0.015626 0.015626 0 0.015622 0.005327 0 0 0 0.015623 0.005998 0 0.00141 0 0.005997 0 0.015626 0.015626 0.007002 0.015626 0 0.008002 0.015626 0.009001 0.01564 0 0 0 0.015626 0.011003 0 0 0.005 0 0.015625 0.005998 0 0 0.005001 0.015626 0 0.005986 0 0.005001 0 0.015626 0.015613 0.015625 0 0 0 0 0 0.015627 0.015625 0 0 0 0.015625 0 0.015627 0.002329 0.015627 0 0.005001 0 0.001284 0 0.015624
lista_500_75   0 0.007001 0.01563 0.015626 0 0.015708 0.007002 0.028701 0.015625 0 0.015667 0.015626 0.007001 0.008002 0 0 0.01564 0.007001 0.016091 0.015627 0.015759 0 0.015778 0 0.018706 0.007001 0.015642 0.006001 0.015624 0.015625 0 0.015625 0 0.007001 0.015625 0 0 0.007001 0.011004 0.015624 0.015472 0.01564 0 0.007989 0 0.015625 0 0 0.006213 0.010002 0.007001 0.018799 0.015628 0.004149 0.015642 0.007016 0.015626 0.015642 0 0.007001 0.014018 0.006002 0 0.015626 0.015626 0 0 0.005134 0.015624 0 0 0 0.010002 0 0.021715 0 0 0.007001 0.015624 0.015626 0 0.015753 0.015624 0.007001 0.025148 0.001303 0.007002 0.015641 0.015642 0.006002 0.01 0 0 0.015626 0 0.006002 0.010004 0 0.019769 0.015626
lista_500_100   0.015837 0 0 0.011003 0.011002 0.011006 0.011002 0 0.01563 0.011002 0.025398 0.010144 0 0.011003 0.011988 0.010003 0.011002 0.022889 0 0.022254 0.022855 0.025943 0.019043 0.010002 0.026077 0.022845 0.013003 0.015628 0.011002 0.009002 0.012017 0.022963 0.023853 0.015766 0.009185 0.011003 0.011002 0.006294 0.010002 0.024912 0 0.011002 0.011003 0.025154 0.013003 0 0 0.011003 0.012003 0.011988 0.009986 0.011003 0.017118 0.011003 0 0.01563 0.011261 0.015768 0 0.010327 0.012003 0.019936 0.015631 0.011003 0.011003 0.011413 0.011017 0 0.015626 0.008281 0.011002 0.011609 0.015852 0.006299 0.011003 0.012002 0.010003 0.007297 0.011003 0.021077 0.011002 0.015627 0.011002 0.015632 0.015627 0.000268 0.010003 0.01001 0 0.01595 0.015627 0.012002 0 0.023928 0.002264 0.010003 0.02397 0 0 0.015642
lista_1000_25   0.017004 0.015625 0.015626 0.009131 0.015626 0.015625 0.015767 0.016004 0.015491 0.015626 0.015754 0.015625 0.016003 0.015429 0.019005 0.015625 0.015495 0.015626 0.015624 0.015627 0.015624 0.015625 0.018823 0.015626 0.015625 0.015624 0.015626 0.015626 0.017018 0.015756 0.015626 0.022051 0.015625 0.015625 0.015624 0.015757 0.015626 0.015626 0.015627 0.015626 0.004087 0.015624 0.015801 0.01563 0.015626 0.015642 0.017078 0.015589 0.015626 0.015645 0.015625 0.01999 0.015627 0.015763 0.015645 0.015715 0.015627 0.015756 0.015626 0.031385 0.015595 0.015626 0.015626 0.015627 0.031267 0.015626 0.015626 0.015624 0.029006 0.023003 0.015625 0.028006 0.017739 0.020004 0.015625 0.018989 0.015625 0.015629 0.016004 0.015627 0.015716 0.017005 0.015625 0.015626 0.011034 0.026999 0.018502 0.004204 0.015645 0.015627 0.024846 0.015647 0.015626 0.017753 0.015624 0.02786 0.015623 0.015625 0.015626 0.015779
lista_1000_50   0.053012 0.055011 0.046878 0.038376 0.051156 0.047344 0.050463 0.043698 0.045489 0.057488 0.041326 0.062487 0.051359 0.054859 0.0625 0.064467 0.042254 0.062505 0.046878 0.052444 0.046899 0.049126 0.056146 0.062507 0.063471 0.051342 0.062506 0.062505 0.046898 0.05949 0.047013 0.045084 0.046879 0.052537 0.046875 0.046879 0.062504 0.046878 0.046876 0.046878 0.046879 0.062504 0.061948 0.046878 0.064756 0.045351 0.040533 0.045279 0.055501 0.062505 0.050552 0.049415 0.046894 0.055617 0.037888 0.046894 0.050557 0.062504 0.041855 0.043647 0.062504 0.055096 0.065856 0.046878 0.064063 0.051837 0.055714 0.043679 0.041576 0.047026 0.062107 0.045042 0.052822 0.045351 0.054027 0.046878 0.064313 0.049127 0.046878 0.064785 0.0513 0.062508 0.050827 0.052015 0.046878 0.063409 0.046878 0.04351 0.035811 0.062504 0.038843 0.054925 0.056806 0.046878 0.051353 0.046878 0.036502 0.060962 0.046879 0.046882
lista_1000_75   0.078146 0.07813 0.07813 0.07813 0.07813 0.078133 0.078753 0.079767 0.07813 0.084329 0.093757 0.07813 0.091816 0.07813 0.07813 0.07813 0.07813 0.080561 0.075651 0.07813 0.078131 0.078131 0.07813 0.07813 0.07813 0.088388 0.078147 0.078131 0.078131 0.078131 0.07897 0.085117 0.07813 0.07813 0.09376 0.07813 0.078131 0.075992 0.07813 0.07813 0.076519 0.078131 0.07813 0.067754 0.07813 0.07813 0.078131 0.079422 0.080691 0.07813 0.07813 0.080758 0.078126 0.078131 0.086455 0.07813 0.084042 0.069088 0.094665 0.084455 0.079729 0.079748 0.085415 0.082367 0.085154 0.067121 0.07813 0.079228 0.062505 0.078147 0.088133 0.067594 0.07813 0.07813 0.08445 0.07813 0.078147 0.068604 0.078125 0.078132 0.082019 0.077904 0.078131 0.080424 0.07813 0.07813 0.069573 0.076653 0.078147 0.07813 0.075412 0.078025 0.07813 0.07813 0.090473 0.080504 0.092457 0.078132 0.095525 0.078133
lista_1000_100   0.049525 0.046886 0.058213 0.046885 0.059234 0.062507 0.037204 0.046878 0.050265 0.046867 0.046886 0.046886 0.046885 0.046878 0.046878 0.046878 0.046881 0.046886 0.046882 0.04688 0.047011 0.046879 0.038483 0.046884 0.048014 0.046886 0.046879 0.046878 0.046882 0.0469 0.046886 0.046886 0.04688 0.031252 0.046874 0.04688 0.046899 0.031252 0.045721 0.046878 0.046882 0.052721 0.04689 0.062512 0.046896 0.04688 0.046886 0.046886 0.046879 0.04689 0.03713 0.046886 0.056833 0.046876 0.055551 0.046878 0.055738 0.046885 0.046878 0.046906 0.046866 0.031259 0.046886 0.046885 0.046886 0.046878 0.046879 0.0469 0.046885 0.047723 0.046886 0.048103 0.046878 0.060392 0.046878 0.047011 0.046885 0.058526 0.046877 0.04666 0.046885 0.057422 0.046886 0.060667 0.046879 0.046878 0.03126 0.046886 0.046886 0.046886 0.031252 0.046882 0.0469 0.046886 0.040375 0.034063 0.041074 0.046887 0.040094 0.046878
